message: fdasfasdf
 fdsafsdfadf
     dsafsdfad

MCNP P PX PY PZ
c cell
1   0    8   u 1 imp:n,p=1
2   0    1  2  u=2 trcl=5
3   0    1 -2 : 3  *trcl (-1 -1  1)           $ inline comment       
4   0    #1 -8  lat=1 fill=0:2 1:2 0:1 4 4 2  $ i=0,1,2 for j=1 & k=0
                                       0 4 0  $ i=0,1,2 for j=2 & k=0
                                       0 3 3  $ i=0,1,2 for j=1 & k=1
                                       4 4 0  $ i=0,1,2 for j=2 & k=1   
5   0    1 (2:3) #(-4 -5) fill=1(3)
6   0    #(1 2 : 3 #4 -5 : #(6 -7))  *fill=1(0 0 0)
7   1   2.0  1  -2
8   1  -3    #1 #2
9   2   -0.8  1
10  2   9e-3  2
11  2
       3.0 3
12  3  &
 2.0e-3 #4
13  4  &
1 &
#1
14
      2 3.0
      3
15 0 (-5.1:1.3:2001.1:-99:5.5:5.6) #5

c surface                                                                       
1    gq 1 2 3 0 0 0 0 0 0 -1
2    pz -5 
3    so     50
4    x  -1 0 0 1 1 0
5    s   5 5 5 1
6    x  4 0 5 1 6 0
7    y  4 0 5 1 6 0 
8    z  4 0 5 1 6 0
9    y     -50 0 0 50 50 0
10   p    -10 0 0 -10 1 2 -10 2 1   
11   box  -10 -10 -10 20 0 0 0 20 0 0 0 20
12   rpp -10 10 -10 10 -10 10
13   sph  0 0 0 50
14   rcc  0 0 1 0 0 4 1
15   rhp 0 0 -4 0 0 8 0 2 0 
16   rec  0 -5 0 0 10 0 4 0 0 2
17   trc  -5 0 0 10 0 0 4 0.00001
18   ell 0 0 0 0 0 3 -2
19   wed 0 0 -6 4 0 0 0 3 0 0 0 12
20   arb -5 -10 -5 -5 -10 5 5 -10 -5 5 -10 5 0 12 0 0 0 0 
         0 0 0 0 0 0 1234 1250 1350 2450 3450 0

vol no 4  2  1
      8.8  1e-5
area 5.7 2.8
vol1
c1 -1 -0.5 0 0.5 1
*c2 -1 -0.5 0 0.5 1
